SUM: 0
[[0,0,0],[0,0,0],[0,0,0]] => [[1,0,1,0],[0,1,0,1],[1,0,1,0],[1,1,1,0]]

SUM: 1
[[1,0,0],[0,0,0],[0,0,0]] => [[1,0,0,1],[0,1,1,1],[1,1,0,0],[1,1,0,0]]
[[0,1,0],[0,0,0],[0,0,0]] => [[1,0,1,1],[1,1,1,1],[0,1,1,1],[0,0,0,0]]
[[0,0,0],[0,1,0],[0,0,0]] => [[0,0,0,1],[1,1,0,1],[0,0,0,1],[1,1,1,0]]


SUM: 2
[[1,0,0],[0,1,0],[0,0,0]] => [[1,0,1,0],[1,1,1,1],[0,1,0,0],[1,1,0,1] - center and corner
[[0,1,0],[0,1,0],[0,0,0]] => [[1,0,0,1],[0,1,1,0],[0,0,1,1],[0,0,0,1] - center and middle of a side

[[0,0,0],[1,0,1],[0,0,0]] => [[1,0,0,0],[1,0,0,0],[0,0,0,1],[1,0,0,0] - middle of two opposite sides
[[0,1,0],[1,0,0],[0,0,0]] => [[0,1,1,1],[1,0,0,1],[1,0,0,0],[1,0,0,0] - middle of two adj sides

[[1,0,1],[0,0,0],[0,0,0]] => [[0,0,0,0],[1,0,0,0],[0,1,1,0],[1,0,1,1] - two adj corners
[[0,0,1],[0,0,0],[1,0,0]] => [[1,1,0,0],[0,1,0,0],[1,0,1,0],[0,1,1,0] - opposite corners

[[1,1,0],[0,0,0],[0,0,0]] => [[1,1,1,1],[0,1,0,0],[1,0,1,1],[1,0,1,1] - corner and adj side
[[0,0,1],[1,0,0],[0,0,0]] => [[1,0,1,1],[0,1,0,0],[0,0,0,1],[0,0,1,1] - corner, middle of non-adj side


SUM: 3 (16)
[[0,0,0],[1,1,1],[0,0,0]] => [[1,0,0,1],[0,1,0,1],[1,0,1,1],[0,0,1,0]] - center + 2 opp middles (middle stripe)
[[0,1,0],[1,1,0],[0,0,0]] => [[1,1,1,1],[1,1,0,0],[1,1,0,0],[0,0,1,1]] - center + 2 adj middles

[[1,0,1],[0,1,0],[0,0,0]] => [[0,0,1,0],[1,1,1,0],[1,1,1,1],[0,1,0,1]] - center + 2 adj corners
[[0,0,1],[0,1,0],[1,0,0]] => [[1,0,0,1],[1,0,1,1],[1,1,0,0],[1,0,0,1]] - center + 2 opp corners (diag line)

[[1,1,0],[0,1,0],[0,0,0]] => [[1,1,1,0],[1,0,1,0],[1,0,0,0],[1,1,1,0]] - center + corner + adj middle
[[0,0,1],[1,1,0],[0,0,0]] => [[0,0,0,0],[1,0,0,1],[0,1,0,0],[1,0,0,1]] - center + corner + opp middle

[[1,0,1],[0,0,0],[1,0,0]] => [[0,1,1,0],[1,1,0,1],[0,1,0,0],[1,0,0,0]] - three corners
[[0,1,0],[1,0,1],[0,0,0]] => [[1,1,0,0],[0,1,1,1],[1,0,1,1],[1,0,1,0]] - three middles

[[1,1,1],[0,0,0],[0,0,0]] => [[0,1,1,1],[0,1,0,0],[0,0,0,1],[0,1,0,0]] - 2 adj corners + the middle between (all one side)
[[1,0,1],[1,0,0],[0,0,0]] => [[1,0,1,1],[0,0,1,1],[0,0,0,0],[1,1,0,1]] - 2 adj corners, 1 middle adj to a corner
[[1,0,0],[0,0,1],[1,0,0]] => [[1,1,1,0],[1,0,0,0],[0,0,1,1],[1,0,0,0]] - 2 adj corners, 1 middle of opp side
[[0,1,1],[0,0,0],[1,0,0]] => [[1,1,1,1],[0,0,1,0],[1,0,0,1],[1,1,0,0]] - 2 opposite corners + 1 middle


[[1,1,0],[1,0,0],[0,0,0]] => [[0,0,1,1],[0,0,0,1],[1,0,1,1],[0,0,1,1]] - 1 corner + its 2 adj middles 
[[1,0,0],[1,0,1],[0,0,0]] => [[1,1,0,0],[1,0,0,1],[0,1,1,0],[0,1,1,0]] - 1 corner + 2 middles opp each other
[[0,1,0],[0,0,1],[1,0,0]] => [[0,1,0,0],[1,0,1,1],[0,1,1,0],[0,0,1,0]] - 1 corner + its 2 opp middles (the two not adj to corner)
[[0,1,1],[1,0,0],[0,0,0]] => [[0,1,1,1],[0,1,1,1],[1,0,0,0],[0,0,0,0]] - 1 corner + 2 middles: 1 adj, 1 opp the corner


SUM: 4 (23)
[[1,0,1],[0,0,0],[1,0,1]] => [[1,0,1,0],[0,0,0,0],[1,0,1,1],[0,1,0,1]] - four corners
[[0,1,0],[1,0,1],[0,1,0]] => [[0,1,0,0],[1,1,0,0],[0,0,1,1],[1,0,1,1]] - four middles

[[1,0,1],[0,1,0],[1,0,0]] => [[0,1,0,1],[0,1,0,1],[0,1,1,0],[0,1,0,1]] - center + 3 corners
[[0,1,0],[1,1,1],[0,0,0]] => [[1,0,1,0],[0,0,0,1],[1,0,1,0],[1,0,1,1]] - center + 3 middles

[[1,1,1],[0,1,0],[0,0,0]] => [[0,1,0,1],[1,0,0,1],[0,0,1,0],[1,0,0,1]] - center + 2 adj corners + middle between (stripe)
[[1,0,0],[0,1,1],[1,0,0]] => [[1,1,1,1],[0,0,0,1],[0,0,1,1],[1,1,0,0]] - center + 2 adj corners + opp middle
[[1,0,1],[1,1,0],[0,0,0]] => [[1,1,1,0],[0,0,1,1],[1,0,1,0],[1,0,0,0]] - center + 2 adj corners + 1 middle
[[0,1,1],[0,1,0],[1,0,0]] => [[1,1,1,1],[1,0,1,1],[0,0,0,0],[0,1,1,1]] - center + 2 opp corners + 1 middle

[[1,1,0],[1,1,0],[0,0,0]] => [[1,0,0,0],[0,0,1,1],[1,0,1,0],[0,0,0,0]] - center + 2 adj middles + corner between 
[[0,1,0],[0,1,1],[1,0,0]] => [[0,1,1,0],[1,0,1,1],[0,0,0,1],[1,0,0,0]] - center + 2 adj middles + opp corner
[[0,1,1],[1,1,0],[0,0,0]] => [[0,0,0,1],[1,0,0,1],[1,1,1,1],[0,0,0,1]] - center + 2 adj middles + 1 corner
[[1,0,0],[1,1,1],[0,0,0]] => [[0,1,0,0],[1,1,0,0],[1,1,0,0],[1,0,1,1]] - center + 2 opp middles + 1 corner

[[1,1,1],[0,0,0],[1,0,0]] => [[1,0,1,0],[0,0,0,0],[0,0,1,0],[1,1,1,1]] - 3 corners + 1 middle between (2 poss)
[[1,0,1],[0,0,1],[1,0,0]] => [[1,0,1,0],[1,1,1,0],[0,1,0,1],[1,0,0,1]] - 3 corners + 1 middle outside (2 poss)

[[1,1,1],[1,0,0],[0,0,0]] => [[1,0,0,0],[1,1,1,1],[0,1,0,1],[0,0,0,0]] - 2 adj corners + 2 adj middles (1 between corners)
[[1,0,1],[1,0,1],[0,0,0]] => [[0,1,1,0],[0,0,0,1],[0,0,0,1],[0,1,0,0]] - 2 adj corners + 2 opp middles (each adj but not between corner)
[[1,1,0],[0,0,1],[1,0,0]] => [[0,0,1,0],[0,1,1,0],[0,0,0,0],[0,0,1,1]] - 2 adj corners + 2 adj middles (adj + opp to corners)
[[1,0,0],[1,0,1],[1,0,0]] => [[0,0,0,0],[1,0,1,1],[0,1,0,1],[1,0,0,1]] - 2 adj corners + 2 opp middles (between + opp corners)

[[0,1,1],[1,0,0],[1,0,0]] => [[0,0,1,1],[0,0,1,1],[0,1,1,0],[1,1,0,0]] - 2 opp corners + 2 adj middles (each adj to 1 corner not other)
[[0,1,1],[0,0,1],[1,0,0]] => [[1,1,1,1],[0,0,1,1],[1,1,1,0],[0,1,0,1]] - 2 opp corners + 2 adj middles (surrounding 1 corner)
[[0,0,1],[1,0,1],[1,0,0]] => [[0,0,1,0],[0,0,1,1],[1,1,1,1],[1,0,0,0]] - 2 opp corners + 2 opp middles

[[1,1,0],[1,0,1],[0,0,0]] => [[1,1,0,1],[0,1,0,1],[1,0,1,0],[0,0,1,0]] - 3 middles + 1 corner between (2 poss)
[[0,1,0],[1,0,1],[1,0,0]] => [[0,1,1,1],[0,0,0,0],[0,1,1,1],[1,0,1,1]] - 3 middles + 1 corner outside (2 poss)


SUM: 5 (23) - LOCATIONS OF FOUR ZEROS
[[0,1,0],[1,1,1],[0,1,0]] => [[0,0,1,1],[0,0,1,0],[0,0,1,1],[1,1,1,0]] - four corners
[[1,0,1],[0,1,0],[1,0,1]] => [[0,0,1,0],[1,0,0,1],[1,0,0,1],[1,1,0,0]] - four middles

[[1,1,0],[1,0,1],[0,1,0]] => [[1,0,1,1],[1,0,1,0],[1,0,0,1],[1,1,0,1]] - center + 3 corners
[[1,1,1],[0,0,0],[1,0,1]] => [[1,0,1,1],[1,0,0,0],[0,0,1,1],[0,0,0,1]] - center + 3 middles

[[1,1,1],[1,0,1],[0,0,0]] => [[1,1,1,1],[0,0,1,0],[1,1,1,0],[1,0,1,1]] - center + 2 adj corners + middle between (stripe)
[[1,0,1],[1,0,1],[0,1,0]] => [[1,0,0,1],[0,1,1,1],[0,0,0,0],[1,1,1,0]] - center + 2 adj corners + opp middle
[[1,1,0],[1,0,1],[1,0,0]] => [[1,1,1,1],[0,0,1,1],[1,0,1,1],[1,0,1,1]] - center + 2 adj corners + 1 middle
[[0,1,1],[1,0,1],[1,0,0]] => [[1,1,0,1],[1,1,0,1],[1,0,1,1],[0,1,1,1]] - center + 2 opp corners + 1 middle

[[1,1,1],[1,0,0],[1,0,0]] => [[1,0,0,1],[1,0,0,1],[0,1,1,0],[0,1,0,0]] - center + 2 adj middes + corner between
[[1,1,1],[0,0,1],[1,0,0]] => [[1,1,0,1],[0,1,1,0],[0,1,1,1],[1,1,1,0]] - center + 2 adj middles + corner adj one
[[1,0,1],[0,0,1],[1,1,0]] => [[1,1,1,0],[0,0,1,0],[0,1,0,0],[0,0,0,1]] - center + 2 adj middles + opp corner
[[1,0,1],[1,0,1],[1,0,0]] => [[0,1,1,0],[0,1,0,1],[0,1,0,1],[1,1,0,0]] - center + 2 opp middles + 1 corner

[[1,1,0],[1,1,1],[0,0,0]] => [[1,0,1,0],[1,0,0,1],[0,1,1,1],[0,1,1,1]] - 3 corners + 1 middle between (2 poss)
[[0,1,0],[1,1,1],[1,0,0]] => [[0,0,1,0],[1,0,1,1],[0,0,0,1],[0,0,0,1]] - 3 corners + 1 middle outside (2 poss)

[[1,1,1],[0,1,0],[1,0,0]] => [[1,0,0,1],[0,1,0,1],[0,1,1,0],[0,0,0,0]] - 3 middles + 1 corner between (2 poss)
[[1,0,1],[0,1,1],[1,0,0]] => [[0,1,0,1],[1,1,0,1],[0,0,1,0],[1,1,0,1]] - 3 middles + 1 corner outside (2 poss)

[[1,0,1],[1,1,1],[0,0,0]] => [[0,0,1,0],[0,0,0,1],[0,0,1,0],[1,0,0,1]] - 2 adj corners + 2 opp middles (between + opp)
[[1,0,0],[1,1,1],[1,0,0]] => [[1,1,0,0],[1,0,1,1],[1,0,0,0],[0,1,0,1]] - 2 adj corners + 2 opp middles (both adj to 1 corner)
[[1,1,1],[1,1,0],[0,0,0]] => [[0,0,0,0],[1,0,1,1],[1,1,1,0],[0,0,0,1]] - 2 adj corners + 2 adj middles (between + adj)
[[1,1,0],[0,1,1],[1,0,0]] => [[0,1,1,0],[0,0,1,0],[1,1,1,0],[0,0,0,0]] - 2 adj corners + 2 adj middles (adj + opp)

[[0,1,1],[1,1,0],[1,0,0]] => [[1,1,1,0],[1,1,0,0],[1,0,0,1],[0,0,0,0]] - 2 opp corners + 2 adj middles (surrounding 1 corner)
[[0,1,1],[0,1,1],[1,0,0]] => [[1,1,1,0],[1,1,1,1],[0,1,1,0],[1,1,1,1]] - 2 opp corners + 2 adj middles (each adj to 1 corner not other)
[[0,0,1],[1,1,1],[1,0,0]] => [[1,0,0,0],[0,0,0,0],[1,0,0,0],[1,0,0,0]] - 2 opp corners + 2 opp middles


SUM: 6
[[1,0,1],[1,0,1],[1,0,1]] => [[1,1,1,1],[0,0,0,1],[1,0,1,0],[1,0,1,0]] - center + 2 opp middles (middle stripe)
[[1,1,1],[1,0,0],[1,0,1]] => [[1,1,1,1],[0,1,1,1],[0,0,1,0],[0,1,0,1]] - center + 2 adj middles

[[1,1,1],[1,0,1],[0,1,0]] => [[1,0,1,0],[0,1,0,1],[1,1,1,1],[1,0,1,0]] - center + 2 adj corners
[[0,1,1],[1,0,1],[1,1,0]] => [[0,0,0,0],[0,1,0,0],[0,0,0,0],[0,0,0,0]] - center + 2 opp corners (diag line)

[[1,1,1],[1,0,1],[1,0,0]] => [[1,0,0,1],[0,1,1,0],[1,0,1,1],[0,1,1,1]] - center + corner + adj middle
[[1,1,1],[0,0,1],[1,1,0]] => [[1,0,1,0],[1,0,1,1],[1,0,0,1],[1,1,0,0]] - center + corner + opp middle

[[1,1,0],[1,1,1],[0,1,0]] => [[1,1,0,0],[1,0,1,0],[1,0,1,0],[0,1,0,0]] - three corners
[[1,1,1],[0,1,0],[1,0,1]] => [[0,0,0,0],[1,1,0,0],[0,1,0,1],[1,1,0,1]] - three middles

[[1,1,1],[1,1,1],[0,0,0]] => [[1,1,0,0],[1,1,1,0],[1,1,1,1],[0,0,0,0]] - 2 adj corners + the middle between (all one side)
[[1,0,1],[1,1,1],[0,1,0]] => [[1,1,1,1],[0,1,1,0],[1,1,1,1],[1,0,1,0]] - 2 adj corners + the middle of opp side
[[1,1,0],[1,1,1],[1,0,0]] => [[0,1,1,1],[1,1,1,0],[0,1,1,0],[1,1,1,0]] - 2 adj corners + 1 middle
[[0,1,1],[1,1,1],[1,0,0]] => [[1,0,1,0],[0,0,0,0],[1,1,1,0],[0,1,0,1]] - 2 opp corners + 1 middle

[[1,1,1],[1,1,0],[1,0,0]] => [[0,0,0,1],[0,1,0,0],[0,1,0,0],[0,0,0,0]] - 2 adj middles + the corner between them
[[1,0,1],[0,1,1],[1,1,0]] => [[0,0,0,0],[0,1,0,1],[1,0,1,0],[0,0,0,1]] - 2 adj middles + the opposite corner
[[1,1,1],[0,1,1],[1,0,0]] => [[0,0,1,0],[1,1,0,1],[0,1,0,0],[0,0,1,0]] - 2 adj middles + 1 corner
[[1,0,1],[1,1,1],[1,0,0]] => [[0,1,1,1],[0,0,0,1],[0,0,0,1],[0,0,1,0]] - 2 opp middles + 1 corner


SUM: 7
[[1,1,1],[1,0,1],[1,1,0]] => [[0,1,1,1],[0,0,1,0],[1,0,1,0],[1,1,1,1] - center and corner
[[1,1,1],[1,0,1],[1,0,1]] => [[1,0,1,1],[0,0,0,1],[0,0,1,0],[0,0,0,1] - center and middle

[[1,1,1],[1,1,1],[0,1,0]] => [[1,1,1,1],[0,0,1,0],[1,1,1,1],[0,0,0,0] - two adj corners
[[0,1,1],[1,1,1],[1,1,0]] => [[0,0,1,0],[1,0,1,0],[1,1,0,0],[0,0,1,1] - opposite corners

[[1,1,1],[1,1,0],[1,0,1]] => [[0,0,1,1],[0,0,1,1],[0,1,0,0],[1,1,1,1] - adj middles
[[1,0,1],[1,1,1],[1,0,1]] => [[1,0,1,1],[1,1,1,1],[1,0,0,1],[0,0,1,1] - opposite middles

[[1,1,1],[1,1,1],[1,0,0]] => [[1,0,0,1],[1,0,0,0],[1,0,1,1],[1,1,0,1] - adj corner/middle
[[1,1,1],[0,1,1],[1,1,0]] => [[1,1,0,0],[0,1,0,0],[0,1,0,1],[0,0,1,1] - non-adj corner/middle


SUM: 8
[[1,1,1],[1,1,1],[1,1,0]] => [[0,0,1,0],[1,1,1,0],[1,0,1,0],[0,0,1,1]]
[[1,1,1],[1,1,1],[1,0,1]] => [[0,1,1,0],[0,1,1,0],[0,1,1,0],[0,1,0,0]]
[[1,1,1],[1,0,1],[1,1,1]] => [[0,1,0,0],[0,0,0,0],[0,0,0,0],[0,1,1,1]]

SUM: 9
[[1,1,1],[1,1,1],[1,1,1]] => [[1,0,1,0],[1,0,1,0],[1,1,1,0],[1,1,1,0